$ANSIBLE_VAULT;1.1;AES256
30636230623333613233626431626239613765303438346531663635663662623962663338613339
6433326266303363383130303530633563313735626461310a306533643834366366356662643966
32643039616236613262623738663963643630313333613834613839356665313965653065346164
3338626465356133360a323964656361393565633263303136323365353337643032363032393333
36333937346463333364646664633232336530633661306336656336363137616666353666346164
64396565333166633634316165306531323130613130343832396339653331353936393361363434
39353662663165623632326236616131383462616137636430343232346234633566303737616566
37613134636235366365363366386331656462323837393336663164366134616338633063646261
30303763626661346134633637663937626330663765373663383038396264623339393361616562
34313534383363356630373264323730626337343866303466663364616638316634623461326464
62633934386261643865386134373136343639333865366362646463383164346634386438343561
63663939656339303164396233396137333832333135383464616436396635616630343465336166
33633039346437646436333762656632373565613830316135316538623137383263623831653763
39343934386666336464656139373638383435613031306339646364633431306137323035313436
61633261356239623132326562353462623464363035366162613164656164393464623864623637
65356333323562303965313766653539643233396634386232633137666363366332653762376463
34616161346233616535326134393231663531616335323835366261353263653565383465383563
31646364333835383938623733303364313132346363373265306530326537616666316462316662
63333661396630363931336433633534656339306337356236323239336463313463643163633033
30376166646535646634663066656337656337643532613666663763613664333030376632646463
35656431336562336663633933303061316662316638373463356139633866373263383634376638
63643561373536346236666438616331643564336236656437633139626664313562353666616163
38313166633936306565316535643637353639626136663964313139633932383836646436323837
32343139666630643761636539396362333035306233383136396639663761326530363830303166
30346365626431386365313631643537616362636164663764343061356539633134376133646461
30373363653832353130393538316162313839373633383332663764393030326166633135386564
30623662326361623662343834323639346661386438363433643138646136643539393335336330
30353237393638386531373364356263326530386263633764363963356534316639663734313764
33613431303830356332343765616132363230356562306632316135653162386535646361313566
61323032636238653835366330383335313832373830306362393461396462613936323336316438
31393763656465326663383139363563666366663834663565353362626366613437643739363632
35393338343136353764653238643665613435366637313938393431303236373732313330393665
65343736363063336138313364323231303466333764346630346333303031383236363233653962
32626537646139393939383738393332326230376632383039663933643133376634326632316563
65373566383035653531373737383563646135326133613365353239626433396261393632336635
31643333663165386135613536613564353437363136303132646666396561303035636563353862
30383330663365333236626632323830373833663636373965323866303835343030636630323664
66393330643431303862633032373935316431323935363832366534306662316461303263316236
30376461613839326161383836613931643161616363636630623966383261626139376264336134
65356136663964636138393865623931393831626565656163343765333032656563613066313034
30303766663139363466656130363965633263643430663332653037383931623537373862376437
62346336363861313765646331663163366431646331363832623137376535366561326662613836
39623565666366656639343062646637633630626536323433386338323632363433373265373833
30616464386431623034653935353066336333343264366165363263306263316635343665376266
39646663313362373433393764643936656264653137333830643863373339636463386437303432
32343362386433613838346333333264303961643533336534626461636336356636393866346362
62313661366135313335663766313930316533663132306632633161313665656362666538656438
62356364353734613761326263633231373962353565313736336133633661303830623537366262
65613763656165316466343564613865363165373131356565653737386563326332656535633664
30626535626565343433653539666437663133363837336135323238363634353533363965383837
61396632636365343439333431383430323631306463353131353136333264303336633764356630
63343263366139613634653536303034626433636366353634386130393433343338653339323337
39663230353635313234343462663535666135326365333230653237306438626231336135313934
62373663633133326332303962656566626662616566383166356137656431383961656133626461
35313734313136646230363333626561336132343935613132333439656338623935636230656231
61336532653363333633643739333437626439386236326264623963366666333231636565383962
37396433623861363761623036393137383733653735666136326466656530333434313766323864
30383663356639666331336333383737303037616539336364636566626338303465373730366564
35646163656530633862343036636533633830306237633463616136306337633832373461616131
31666636626137663236306634643238653237393630386564333162373234333238636532653938
64623936303639303934323834613233373561643031316163373838373365316464336537393562
63376338376163623938336365633331343835386265613833383133366638633534333663623766
37383134656264306666646535346332363037373161323630643963333062633863363330323162
32363265323931656461386135323762306233383638366332323333623730386330333566626665
61383361356133616230613038303561383932333535326662303937383663353165653731393433
63323033363230336134376162623732353338386333623436666337353734363431616532623237
38323638353634336562373163323334303266623034656238613634646539343235653339383632
32333237336265633761353037646133343938613330383437313032616132336139353839616166
61636262626565623762393432383135383233393339653963376130666566643965323333366533
62663836636464373766633333666239643464306632656337646363316530353365373365306465
36356439643637313338373261323232366364656637356565333939643763616130626239383635
61376130343738643265376662613131373264313730656565396639326363666330356337613139
63313731363839616630386464373933626661393231663661376365626562383738616130633036
32383265613838666666623839366365353065373162376636356231393335613938343534376233
38303661353435303963353831613763376436363836366131636337333732333532323363613738
39373338393438336439333564653962353762373435363934623866396636663763353036336536
65666561666338313137663830366234646331666430616332363138383562343831666537663731
36643732303333393361613033313636343764666632656362623462653965613233356365316239
64646333633664313039336234353965333230313736643030343163653965616163386466303939
34363462353639666338626562343732653065333335626132636466356233333265376662346634
36386137366465376130643061623934343839316134333966626664386264363265326236623363
30333533383634353532363930356566326561393235316433393930653063313231333337363037
34386132376663356334386566346161653433373863633162653538373030373530393339626264
61353465623962313835326238666632333466623065343463656437353630343062313532353634
62626330303963623065313638373562373661313333373864363331376666326166343661336135
31386566346234623063333234666366393537333336326432313830656665313636323538316237
35653961393932343939316332326239356537353831376134633061353433323963393936633162
31363264333635623339393963656237343034333435363837336633373733373561343634346161
66616162383363366665393639643733643039666330633361656465643734373033313134333137
38386333343438663065643936336131316631316433393266356563323665326535343364393166
35653338393830353365373937623765373837663036323062306561633465653066386365323064
36653766656261663165656139393662613264343338633637636139363333303262353937326339
38666463323431653938613132616461386630666435666235626235653566303363366566333832
65366239633032383831386366643137316434346439396563663531326637663033396431653539
65366262346631636134353133393635663739636465313832613666663333306437643638613533
36373261333163363439323436316531343238663063626639333839363839353636393637356530
65396631643938656337366461656238303931306136353139333631313239636162386566633333
33363864613962363062316230376435316562663530643066383165663532383139326236656162
30653631306166353462326363666536313565373662666333313732353231666166313038633362
66396264656363616431326336373532663666663637346461623266663937663461643132656234
38323931386538306261656135363664663833303438343664373635663937383865396339396462
36343333376331396165633430346237326562326364313834313032626432353266616239313439
62313466323462356236373335313662666564386164633633306336356336393237333532366232
33656133623062343565333834353536613434653937643338646330383931366538663861306535
34393566346339656231633762613434323238623239396566306632633765623161303336316634
35656330393865643962623463663061633263656637643437393631333964396564616530643531
65656434666233633166393762393734323966373837366439326538633732663934313264343761
34393663656439623361623530656333323461353537653363383265636433323834333037313836
38656632386230663666353136393335663936653962613732383533363138343839386533636364
38363039663232633234376261386636323533313863376566316466353637353634643739316431
31303533396338353535666663366538613466383938646132393932613737623638396534343830
31653839316263363039336239353064343163343730613761333963313633653639353262656337
66393765636164396630306361376132623262623031653664663535626666376163613437643665
64666362643534663739333066376638323961656332613832373533373264623333616435663464
37616534303130633266313261633235396334343932613339643066313663376139383238343031
36643334633036616338353765313766393536613562383365353262643438343430383633646666
35376537383862643730366533366464343864343661306234383361653931366634336436313565
30326634313532353364616638353061316131646565366336323166393562666661373863353335
66366261666665356533613966396334663764396237626132376665643935613863613932313864
62306437653832356162666232623666666163653237623165363137326230643866386639306235
30616137666630653439323435336564346465373763336634333638633939363235303563653430
63633731393065376434353236353062636562383266633833353735323164306666643332303765
66376662623138343662376162323131323437613330353232346361376633666639376131376361
30633163396661363964383332313030666663353335616438633237353839636336373539626437
61656334363738393165386664323565646134653532633735613134363833636362363539333330
32643430653664363939313766333730336231646430383734353263353036663365316439303164
32656462663633613637393732316334376531353632616462613837646535396131663265316163
61643837396265386333316532613039663861336166613639653666346334313235363265393730
65333333306564373631366639353361616133366263303930303037653765333430336363313266
33663766636336346565633438343733306537646335323161303136356534396430663666383532
62393736366663326439653836643339303363326136313838366234326231323533613264646163
37616466643232386236363862396432316332386130633666663733346661383536613133306433
36326661326239376638666565393464396537353138613133653965653164396265663466623633
63663964653731333662396537653266346261666666383961613365633837323936373363376563
38633131396139396364363533353861633635323539306639623866326266303839336335346133
33613434373134353738353166646661356331396137323537333966303136313163363034613938
31666163373839313037386463643737616166306239353465633261393535363130333235636530
33333239653636323961616133653135323563623665373531663536373531656235316463663366
61373930363535643335386331313035373630663337333634616161346637636565353832303830
65633238373535333837633438356365346434363130306361623338396563343033656462306364
64386132383530313964363936376462383931386634623162663965316161613763323035643830
64356133393735363863656630633465333064626336626432376638356663393037633837616461
66613130613537366338396634663463316230643137666361636634633935363365363632343233
31636662313964376664383834313036623835656336363030353464646539316338633066643164
33633065306232613038336131363261663531663263363330376266333164306232616463666432
64393865653538326361353235313733643564643538323732633466626161353261373238373034
32376536323538333162356261613638623239373539663164623036336230376537633938613335
39313733383332393139333233636235363261356136393464633162326133326661393461616461
37383630626633383434613865346437333233663935346435636265336463356630656532356462
35306330396531633933613334343235613730373739646335666235623438346231366666643438
38616336383033363066316433336633613262303534636635343661653735316164373032333735
63336534656265383664663430303438653935633639636665303761333661396138663238346365
37336463393830613432383531663762326634363630363666366663613738343534646335333261
37313834366566336166383762366236643837386530386138383361623435333330326464306239
35373539666265633337396366393336326130333030343162636362613032633130636635353930
35663264336334396163393231313633363239336631376462353361333364646637306134396435
61393437386166343465393266383365383432306435336535626236353430616639303363653436
30353164643432666430653136333236623961653166643563313537396639343261323066663138
35386631396664616434303835613238653061363636363733346332643038626230336561336263
31383966333034626337383231383663353331393136383764643134326461303037663236313833
30383766343338303037376632666233333264653162633033663965616166386338616632373062
62613838326332663162663632666638663035643835366363323438323430353633616134333765
62313066663439656333613330393930363938643131343433646431306539376637633834393932
38323031343838303366353664653862393564383539383465653265383665373339333166666237
38666164613463643937356433636262353831363165343163356430376464323163643265633336
39636634316263653065363962353334333438666634366664333134363361663038343639346534
31366663303839613333333261633134646262653839346131343463353630393663393565623539
37336237656630353332656466326338636266353031613736633237333934643464323433366131
37393030343332616666373839353737613434653561386133353233653534303939613235383564
64626231626663393738303239626439326334393832326336396235356232313434373664323837
66313733643130646164623437346338636466663364313362613435646537343939333366343638
38623133333566613433366135306336643532323461323632313137313766323139396435313339
30323135393265646161356135386262663363383938636333626463636365613337
